29

0
0
1
0
0
0

0
1
2
0
0
0
-1
1

0
1
3
0
0
0
-1
0
1
2

0
1
3
0
0
0
-1
1
0
3

0
1
4
0
0
0
-1
0
1
0
2
4

0
1
4
0
0
0
-1
0
1
-1
1
5

0
1
4
0
0
0
-1
0
1
1
1
6

0
0
4
0
0
-1
0
-1
1
0
1
7

-1
1
4
0
0
0
-1
1
0
1
1
8

0
1
4
0
0
0
-1
-1
0
0
1
9

0
1
4
0
0
0
-1
-1
0
-1
1
10

0
2
5
0
0
0
-1
0
-2
0
1
0
2
11

0
2
5
0
0
0
-1
0
-2
0
1
-1
1
12

0
2
5
0
0
0
-1
0
-2
0
1
1
1
13

0
1
5
0
0
0
-1
1
0
0
1
0
2
14

0
1
5
0
0
0
-1
-1
0
0
1
0
2
15

0
1
5
0
0
0
-1
0
1
1
0
1
1
16

0
1
5
0
0
0
-1
0
1
-1
0
-1
1
17

0
1
5
0
0
0
-1
0
1
1
0
-1
0
18

0
1
5
0
0
0
-1
-1
-1
0
1
-1
1
19

0
1
5
1
1
0
1
-1
1
1
0
1
-1
20

0
1
5
0
0
0
-1
0
1
1
0
-1
1
21

0
1
5
0
0
0
-1
0
1
-1
0
1
1
22

0
1
5
0
0
1
0
1
-1
0
1
-1
1
23

0
2
5
0
0
0
-1
0
-2
1
0
1
1
24

0
2
5
0
0
0
-1
0
-2
-1
0
-1
1
25

0
1
5
0
0
0
-1
1
-1
-1
-1
0
1
26

0
1
5
0
0
-1
0
1
0
-1
-1
1
1
27

0
1
5
0
0
-1
0
1
0
1
-1
-1
1
28

3
0
7
18
